4x4 linear conflict
Puzzle Number  Steps Taken  Nodes Expanded    Puzzle
---------------------------------------------------------------------------
1                56         5798978    [12, 14, 13, 4, 1, 11, 2, 0, 15, 3, 10, 5, 7, 8, 9, 6]
2                46          605290    [1, 7, 10, 3, 4, 9, 12, 0, 13, 11, 15, 6, 2, 8, 5, 14]
3                60       123385587    [11, 15, 14, 2, 13, 12, 8, 7, 6, 10, 3, 4, 9, 0, 5, 1]
4                44          123773    [11, 8, 12, 2, 10, 1, 13, 6, 7, 14, 5, 4, 9, 0, 3, 15]
5                48         1732051    [9, 12, 0, 2, 14, 1, 7, 10, 13, 6, 3, 5, 15, 4, 8, 11]
6                45           12252    [13, 0, 9, 8, 4, 5, 12, 1, 14, 3, 6, 11, 15, 7, 2, 10]
7                43          734677    [1, 11, 6, 10, 5, 4, 3, 8, 13, 14, 12, 0, 7, 2, 15, 9]
8                58        11124223    [12, 7, 13, 2, 8, 1, 4, 9, 0, 15, 5, 6, 11, 3, 10, 14]
9                54         3665459    [11, 13, 0, 14, 1, 3, 5, 15, 6, 4, 2, 7, 10, 8, 12, 9]
10               57        47307124    [11, 10, 3, 2, 4, 6, 5, 1, 14, 7, 9, 13, 15, 8, 0, 12]
11               58        27539487    [0, 14, 11, 6, 4, 7, 15, 2, 10, 5, 13, 9, 1, 8, 3, 12]
12               61       127546290    [11, 3, 10, 9, 0, 5, 13, 2, 8, 12, 7, 14, 1, 4, 6, 15]
13               43          258490    [11, 7, 4, 3, 15, 2, 8, 10, 1, 13, 14, 5, 9, 6, 0, 12]
14               55        32621980    [15, 13, 4, 6, 9, 5, 2, 1, 7, 11, 10, 8, 3, 12, 0, 14]
15               54        22483150    [9, 12, 2, 8, 5, 15, 6, 10, 0, 4, 11, 1, 7, 14, 13, 3]
16               46          422731    [12, 4, 7, 2, 9, 11, 8, 0, 5, 6, 15, 3, 1, 13, 10, 14]
17               45         9197860    [1, 0, 6, 2, 10, 8, 13, 7, 9, 3, 5, 12, 4, 14, 11, 15]
18               42          175351    [10, 2, 1, 6, 5, 9, 7, 3, 13, 15, 4, 11, 12, 8, 14, 0]
19               44          162129    [2, 1, 9, 12, 6, 4, 14, 15, 10, 7, 8, 3, 5, 0, 13, 11]
20               48        24360391    [7, 2, 8, 6, 5, 13, 3, 4, 10, 15, 0, 12, 11, 14, 9, 1]
21               54         3412746    [12, 3, 14, 2, 4, 0, 8, 10, 15, 7, 5, 11, 1, 13, 9, 6]
22               54        13396997    [13, 7, 14, 1, 2, 4, 11, 6, 5, 3, 9, 12, 8, 0, 10, 15]
23               46          905744    [3, 6, 14, 2, 13, 15, 7, 4, 9, 1, 11, 8, 10, 5, 12, 0]
24               49           59914    [3, 9, 15, 12, 2, 4, 13, 10, 14, 11, 1, 6, 5, 7, 0, 8]
25               40           16360    [0, 9, 4, 8, 10, 1, 12, 15, 6, 13, 2, 7, 14, 11, 5, 3]
26               44         1459160    [3, 7, 4, 8, 10, 2, 14, 0, 11, 5, 1, 6, 13, 15, 12, 9]
27               48        10510468    [0, 15, 6, 12, 5, 1, 4, 3, 13, 7, 2, 10, 14, 8, 11, 9]
28               49         4777349    [5, 7, 2, 12, 14, 13, 10, 11, 8, 1, 3, 0, 9, 15, 4, 6]
29               41           11558    [14, 1, 6, 11, 3, 4, 15, 2, 10, 5, 9, 7, 0, 8, 13, 12]
30               53        44975758    [3, 13, 4, 6, 8, 9, 1, 12, 5, 7, 11, 14, 0, 2, 15, 10]
31               50          778102    [1, 3, 9, 8, 10, 4, 13, 6, 0, 15, 14, 2, 12, 11, 7, 5]
32               52         3472512    [0, 5, 6, 7, 3, 8, 14, 10, 12, 1, 13, 9, 2, 11, 4, 15]
33               57        53193013    [14, 10, 7, 6, 3, 15, 11, 1, 8, 0, 2, 5, 13, 12, 4, 9]
34               56        57580551    [6, 11, 13, 3, 15, 10, 12, 8, 0, 5, 1, 9, 7, 14, 2, 4]
35               58         8071139    [11, 14, 9, 10, 15, 4, 7, 3, 0, 2, 8, 6, 5, 12, 13, 1]
36               60       116539252    [3, 12, 13, 2, 4, 0, 10, 1, 9, 8, 11, 14, 15, 7, 5, 6]
37               52         4185838    [6, 5, 9, 11, 12, 0, 3, 2, 10, 8, 15, 13, 1, 14, 7, 4]
38               48          858298    [3, 12, 6, 10, 1, 4, 13, 8, 7, 5, 2, 11, 15, 14, 9, 0]
39               45         1508424    [1, 4, 15, 7, 14, 11, 3, 8, 5, 10, 6, 0, 13, 12, 2, 9]
40               48         1704891    [12, 3, 15, 8, 2, 13, 9, 7, 1, 6, 0, 10, 5, 11, 4, 14]

easiest ones with h3:
29               41           11558    [14, 1, 6, 11, 3, 4, 15, 2, 10, 5, 9, 7, 0, 8, 13, 12]
25               40           16360    [0, 9, 4, 8, 10, 1, 12, 15, 6, 13, 2, 7, 14, 11, 5, 3]
18               42          175351    [10, 2, 1, 6, 5, 9, 7, 3, 13, 15, 4, 11, 12, 8, 14, 0]
Using h2:
29               41           16699    [14, 1, 6, 11, 3, 4, 15, 2, 10, 5, 9, 7, 0, 8, 13, 12]
25               40           58707    [0, 9, 4, 8, 10, 1, 12, 15, 6, 13, 2, 7, 14, 11, 5, 3]
18               42          875225    [10, 2, 1, 6, 5, 9, 7, 3, 13, 15, 4, 11, 12, 8, 14, 0]
using h1:
29               41       5728301766   [14, 1, 6, 11, 3, 4, 15, 2, 10, 5, 9, 7, 0, 8, 13, 12]
25               40       2728301766   [0, 9, 4, 8, 10, 1, 12, 15, 6, 13, 2, 7, 14, 11, 5, 3]
